  300.5000  574.0207
  300.5000  490.9958
  300.5000  396.3433
  300.5000  287.4363
  222.4527  512.7543
  217.6516  430.9434
  212.2211  338.4075
  206.0288  232.8895
  152.7584  458.0450
  144.1846  377.6910
  134.5544  287.4362
  123.6596  185.3304
   90.1441  408.8933
   78.5908  330.1454
   65.6946  242.2448
   51.2069  143.4970
  549.7931  143.4970
  477.3404  185.3304
  394.9712  232.8895
  457.2591  106.4140
  383.5976  143.4970
  300.5000  185.3304
  374.6685   73.3157
  300.5000  106.4140
  217.4024  143.4970
  300.5000   43.5927
  226.3315   73.3157
  143.7409  106.4140
  535.3054  242.2448
  466.4456  287.4362
  388.7789  338.4075
  522.4092  330.1454
  456.8154  377.6910
  383.3484  430.9434
  510.8559  408.8933
  448.2416  458.0450
  378.5473  512.7543
